name: dx-privacy-text
channels:
  - rapidsai
  - nvidia
  - conda-forge
  - defaults
dependencies:
  - _libgcc_mutex=0.1=conda_forge
  - _openmp_mutex=4.5=2_kmp_llvm
  - asttokens=2.4.1=pyhd8ed1ab_0
  - bzip2=1.0.8=hd590300_5
  - ca-certificates=2024.9.24=h06a4308_0
  - comm=0.2.2=pyhd8ed1ab_0
  - cuda-cudart=11.8.89=0
  - cuda-nvrtc=11.8.89=0
  - cuda-profiler-api=11.8.86=0
  - cuda-python=11.8.3=py311hf9913ef_0
  - cuda-version=11.8=h70ddcb2_3
  - cudatoolkit=11.8.0=h4ba93d1_13
  - cupy=13.1.0=py311h878bca4_1
  - cupy-core=13.1.0=py311h7bf26e7_1
  - debugpy=1.8.5=py311hf86e51f_0
  - decorator=5.1.1=pyhd8ed1ab_0
  - exceptiongroup=1.2.2=pyhd8ed1ab_0
  - executing=2.1.0=pyhd8ed1ab_0
  - fastrlock=0.8.2=py311hb755f60_2
  - fmt=10.2.1=h00ab1b0_0
  - gensim=4.3.3=py311ha02d727_0
  - importlib-metadata=8.5.0=pyha770c72_0
  - ipykernel=6.29.3=pyhd33586a_0
  - ipython=8.29.0=pyh707e725_0
  - jedi=0.19.2=pyhff2d567_0
  - jupyter_client=8.6.3=pyhd8ed1ab_0
  - jupyter_core=5.7.2=pyh31011fe_1
  - keyutils=1.6.1=h166bdaf_0
  - krb5=1.21.3=h659f571_0
  - ld_impl_linux-64=2.40=h55db66e_0
  - libblas=3.9.0=22_linux64_openblas
  - libcblas=3.9.0=22_linux64_openblas
  - libcublas=11.11.3.6=0
  - libcublas-dev=11.11.3.6=0
  - libcurand=10.3.0.86=0
  - libcurand-dev=10.3.0.86=0
  - libcusolver=11.4.1.48=0
  - libcusolver-dev=11.4.1.48=0
  - libcusparse=11.7.5.86=0
  - libcusparse-dev=11.7.5.86=0
  - libedit=3.1.20191231=he28a2e2_2
  - libexpat=2.6.2=h59595ed_0
  - libffi=3.4.2=h7f98852_5
  - libgcc-ng=13.2.0=hc881cc4_6
  - libgfortran-ng=13.2.0=h69a702a_6
  - libgfortran5=13.2.0=h43f5ff8_6
  - liblapack=3.9.0=22_linux64_openblas
  - libllvm14=14.0.6=hcd5def8_4
  - libnsl=2.0.1=hd590300_0
  - libopenblas=0.3.27=pthreads_h413a1c8_0
  - libraft=24.04.00=cuda11_240410_gfa44bcc8_0
  - libraft-headers=24.04.00=cuda11_240410_gfa44bcc8_0
  - libraft-headers-only=24.04.00=cuda11_240410_gfa44bcc8_0
  - librmm=24.04.00=cuda11_240410_g8f19c9c3_0
  - libsodium=1.0.18=h36c2ea0_1
  - libsqlite=3.45.3=h2797004_0
  - libstdcxx-ng=13.2.0=h95c4c6d_6
  - libuuid=2.38.1=h0b41bf4_0
  - libxcrypt=4.4.36=hd590300_1
  - libzlib=1.2.13=hd590300_5
  - llvm-openmp=19.1.3=h024ca30_0
  - llvmlite=0.43.0=py311h6a678d5_0
  - matplotlib-inline=0.1.7=pyhd8ed1ab_0
  - ncurses=6.4.20240210=h59595ed_0
  - nest-asyncio=1.6.0=pyhd8ed1ab_0
  - numba=0.60.0=py311h4bc866e_0
  - numpy=1.26.4=py311h64a7726_0
  - openssl=3.3.1=hb9d3cd8_3
  - packaging=24.2=pyhff2d567_1
  - parso=0.8.4=pyhd8ed1ab_0
  - pexpect=4.9.0=pyhd8ed1ab_0
  - pickleshare=0.7.5=py_1003
  - pip=24.0=pyhd8ed1ab_0
  - platformdirs=4.3.6=pyhd8ed1ab_0
  - prompt-toolkit=3.0.48=pyha770c72_0
  - psutil=6.0.0=py311h331c9d8_0
  - ptyprocess=0.7.0=pyhd3deb0d_0
  - pure_eval=0.2.3=pyhd8ed1ab_0
  - pygments=2.18.0=pyhd8ed1ab_0
  - pylibraft=24.04.00=cuda11_py311_240410_gfa44bcc8_0
  - python=3.11.9=hb806964_0_cpython
  - python-dateutil=2.9.0=pyhd8ed1ab_0
  - python_abi=3.11=4_cp311
  - pyzmq=26.2.0=py311h7deb3e3_0
  - readline=8.2=h8228510_1
  - rmm=24.04.00=cuda11_py311_240410_g8f19c9c3_0
  - scipy=1.13.0=py311h64a7726_0
  - setuptools=69.5.1=pyhd8ed1ab_0
  - six=1.16.0=pyh6c4a22f_0
  - smart_open=6.4.0=pyhd8ed1ab_0
  - spdlog=1.12.0=hd2e6256_2
  - stack_data=0.6.2=pyhd8ed1ab_0
  - tk=8.6.13=noxft_h4845f30_101
  - tornado=6.4.1=py311h331c9d8_0
  - traitlets=5.14.3=pyhd8ed1ab_0
  - typing_extensions=4.12.2=pyha770c72_0
  - tzdata=2024a=h0c530f3_0
  - wcwidth=0.2.13=pyhd8ed1ab_0
  - wheel=0.43.0=pyhd8ed1ab_1
  - xz=5.2.6=h166bdaf_0
  - zeromq=4.3.5=h75354e8_4
  - zipp=3.21.0=pyhd8ed1ab_0
